[0][1462195736]
dis [0][1462195736]
[1462195736][1462195737]
dis [1462195736][1462195737]
[1462195737][1462195737]
[1462195737][1462195737]
[1462195737][1462195737]
[1462195737][1462195737]
[1462195737][1462195737]
[1462195737][1462195737]
[1462195737][1462195737]
[1462195737][1462195737]
[1462195737][1462195737]
[1462195737][1462195738]
dis [1462195737][1462195738]
[1462195738][1462195738]
[1462195738][1462195738]
[1462195738][1462195738]
[1462195738][1462195738]
[1462195738][1462195738]
[1462195738][1462195738]
[1462195738][1462195738]
[1462195738][1462195738]
[1462195738][1462195739]
dis [1462195738][1462195739]
[1462195739][1462195739]
[1462195739][1462195739]
[1462195739][1462195739]
[1462195739][1462195739]
[1462195739][1462195739]
[1462195739][1462195739]
[1462195739][1462195739]
[1462195739][1462195739]
[1462195739][1462195739]
[1462195739][1462195740]
dis [1462195739][1462195740]
[1462195740][1462195740]
[1462195740][1462195740]
[1462195740][1462195740]
[1462195740][1462195740]
[1462195740][1462195740]
[1462195740][1462195740]
[1462195740][1462195740]
[1462195740][1462195740]
[1462195740][1462195741]
dis [1462195740][1462195741]
[1462195741][1462195741]
[1462195741][1462195741]
[1462195741][1462195741]
[1462195741][1462195741]
[1462195741][1462195741]
[1462195741][1462195741]
[1462195741][1462195741]
[1462195741][1462195741]
[1462195741][1462195741]
[1462195741][1462195741]
[1462195741][1462195742]
dis [1462195741][1462195742]
[1462195742][1462195742]
[1462195742][1462195742]
[1462195742][1462195742]
[1462195742][1462195742]
[1462195742][1462195742]
[1462195742][1462195742]
[1462195742][1462195742]
[1462195742][1462195742]
[1462195742][1462195742]
[1462195742][1462195742]
[1462195742][1462195742]
[1462195742][1462195742]
[1462195742][1462195742]
[1462195742][1462195742]
[1462195742][1462195742]
[1462195742][1462195743]
dis [1462195742][1462195743]
[1462195743][1462195743]
[1462195743][1462195743]
[1462195743][1462195743]
[1462195743][1462195743]
[1462195743][1462195743]
[1462195743][1462195743]
[1462195743][1462195743]
[1462195743][1462195743]
[1462195743][1462195743]
[1462195743][1462195744]
dis [1462195743][1462195744]
[1462195744][1462195744]
[1462195744][1462195744]
[1462195744][1462195744]
[1462195744][1462195744]
[1462195744][1462195744]
[1462195744][1462195744]
[1462195744][1462195744]
[1462195744][1462195744]
[1462195744][1462195744]
[1462195744][1462195745]
dis [1462195744][1462195745]
[1462195745][1462195745]
[1462195745][1462195745]
[1462195745][1462195745]
[1462195745][1462195745]
[1462195745][1462195745]
[1462195745][1462195745]
[1462195745][1462195745]
[1462195745][1462195745]
[1462195745][1462195745]
[1462195745][1462195746]
dis [1462195745][1462195746]
